274 246 130 65
458 139 106 101
282 139 175 105
625 246 130 65
809 139 106 101
633 139 175 105
1033 246 130 65
1217 139 106 101
1041 139 175 105
1417 246 130 65
1601 139 106 101
1425 139 175 105
1120 580 167 174
1120 766 143 67
1287 625 112 112
1120 929 167 174
1120 1115 143 67
1287 974 112 112
1120 1251 167 174
1120 1437 143 67
1287 1296 112 112
63 1474 167 174
63 1660 143 67
229 1519 112 112
63 1090 167 174
63 1276 143 67
229 1135 112 112
63 706 167 174
63 892 143 67
229 751 112 112
63 324 167 174
63 510 143 67
229 369 112 112
778 623 112 112
890 578 167 174
914 763 143 67
778 1296 112 112
890 1256 167 174
914 1440 143 67
1764 691 112 112
1884 621 167 174
1900 829 143 67
1764 1073 112 112
1884 1003 167 174
1900 1211 143 67
1764 1522 112 112
1884 1452 167 174
1900 1660 167 174
2278 129 348 144
2666 154 518 138
2757 1132 347 147
0 0 1 3200
0 0 3200 1
3200 0 1 3200
0 3200 3200 1